  -62
  -67
   72
   -1
  -62
  -64
   78
  -59
  -34
   -8
  -67
  -62
   57
   67
  -62
    0
   67
   61
  -68
   71
  -56
   56
  -48
  -62
  -60
   67
  -66
   55
   70
  -51
  -28
  -60
    1
   69
  -49
   78
  -61
   57
  -63
   72
  -40
  -64
   65
   66
   63
   77
  -56
  -64
   56
   75
  -63
  -66
   59
   58
  -70
  -71
  -60
   67
   70
  -63
  -65
   60
   60
  -62
  -58
  -20
   64
  -63
   63
  -63
  -65
   70
   71
   54
  -60
  -45
   75
  -46
  -19
   57
  -66
   39
  -67
  -60
   69
    0
  -61
  -58
   75
  -63
   75
   73
   74
   54
  -43
  -45
   66
   58
   62
    0
   59
  -47
   73
  -62
    1
  -59
  -61
  -67
   60
  -43
   71
  -64
   81
   70
   69
  -56
  -61
  -35
   60
    0
   62
   84
   62
   61
   61
  -65
  -58
  -38
   63
   66
  -73
    0
   61
   66
  -78
   60
   34
    8
   68
   64
  -57
  -67
   61
   -1
  -67
  -61
   69
  -70
   55
  -58
   48
   60
   59
  -68
   66
  -57
  -71
   54
   29
   60
   -1
  -70
   48
  -79
   62
  -60
   64
  -72
   40
   64
  -67
  -66
  -60
  -76
   55
   64
  -58
  -76
   62
   65
  -60
  -59
   68
   69
   60
  -66
  -68
   62
   63
  -62
  -63
   64
   60
   22
  -65
   65
  -65
   63
   64
  -70
  -71
  -54
   60
   46
  -76
   43
   19
  -54
   66
  -39
   66
   59
  -67
    0
   62
   60
  -75
   62
  -74
  -71
  -75
  -57
   44
   43
  -67
  -59
  -61
   -2
  -59
   46
  -73
   63
    0
   59
   61
   66
  -61
   45
  -70
   65
  -82
  -70
  -68
   56
   62
   35
  -59
    0
  -61
  -81
  -61
  -61
  -58
   64
   60
   38
-3745
 3745
