2 # num layers 
 0 #compression_enabled
 5 #kernel_size 
 1 #num input channels 
 36 #num_input_column 
 36 #num_input_rows 
 16 #num_output_channels 
 1 #pooling_enabled 
 1 #relu_enabled 
 0 #padding 
#KERNELS#
-14
4
28
-4
-9
-16
-14
42
20
8
-15
-31
19
-4
-34
-11
-60
3
53
25
32
-21
-35
0
-8
-7
-13
-11
-24
-28
-3
-17
-28
-18
-27
-1
-9
-11
-30
-34
-5
-26
-20
-23
-21
-3
-8
-25
-27
-18
5
30
-24
-25
-18
-9
8
83
36
14
9
53
81
78
38
-39
-124
-185
-105
-31
2
28
58
24
-3
31
83
78
23
-14
-90
-161
-98
-2
4
39
54
-4
-14
0
18
26
23
12
8
0
-2
-12
-8
11
0
-12
-1
13
13
25
95
66
-6
-21
-55
-114
-70
-2
10
39
83
56
23
8
-40
-56
-30
-7
5
-56
-4
36
43
4
-91
-38
36
78
4
-93
-57
36
91
13
-115
-109
26
111
49
-51
-96
8
76
65
39
94
92
55
27
25
42
44
49
34
28
7
0
12
17
-4
-21
-55
-41
-18
-71
-90
-72
-43
-35
4
11
8
11
5
-2
1
-5
5
0
-6
-7
-13
-6
-7
2
-2
-11
-7
-6
4
12
5
9
-1
59
-2
-88
-31
32
103
-2
-148
-1
69
104
-13
-142
27
62
71
-26
-94
41
30
34
-42
-53
36
5
1
19
31
25
19
22
35
43
41
28
35
47
43
32
23
38
40
32
27
16
42
37
26
15
10
-2
2
-1
0
-1
2
-1
-2
0
2
0
-3
0
0
-1
0
1
1
0
-2
-1
-1
-2
0
-2
13
57
31
0
1
126
47
36
93
8
-19
-40
-27
-20
4
-113
-79
-107
-113
-5
8
12
13
36
16
3
66
79
-11
-36
136
74
-18
-98
-21
59
-27
-161
-103
-23
6
-90
-52
36
64
-11
-19
22
55
23
17
39
0
-39
-66
33
54
4
-63
-51
64
65
2
-57
-61
82
63
10
-40
-45
64
51
14
-23
-17
-33
-33
-17
-18
-24
-28
-35
-27
-33
-31
-9
2
6
-13
-13
29
33
41
33
20
27
25
38
29
31
33
59
38
38
14
24
35
38
66
26
6
28
26
39
53
-22
-53
-39
-6
26
-64
-75
-98
-74
-34
#BIASES#
1189
7488
356
-54
28
1452
-162
-186
-488
-1211
-2
505
1073
-209
-674
132
#PIXELS#
5855
5855
5920
5888
5824
5951
5984
5920
5920
5920
5984
6047
5824
5824
4735
3903
3328
3903
4128
3776
3872
4671
5216
5824
5951
5920
6016
5984
5888
5920
5888
5951
5824
5984
5855
5984
5759
5888
5920
5824
5824
5951
5951
5920
5920
5920
5984
5984
5855
5951
5087
3999
3168
4032
4352
3807
4063
4511
5183
5664
6016
5984
5984
6016
5920
5888
5920
5920
5855
5951
5855
5951
5759
5888
5920
5824
5824
5951
5951
5920
5920
5920
5984
5984
5855
5984
5568
4032
3168
4032
4288
4032
4096
4415
5152
5568
6016
5984
6016
6016
5920
5888
5920
5920
5791
5888
5855
5951
5759
5791
5920
5855
5888
5888
5951
5920
5920
5920
5920
5920
5791
5920
5855
4223
3104
3968
4032
3999
4384
4063
5216
5408
6080
5984
5951
6016
5920
5888
5920
5824
5855
5920
5824
5951
5824
5824
5920
5855
5920
5888
5951
5951
5920
5920
5888
5951
5855
5855
5791
4128
3039
3807
4192
3872
4480
4063
4671
5376
5824
5951
5951
5951
5951
5888
5920
5855
5791
5888
5888
5855
5920
5888
5855
5888
5920
5824
5920
5920
5920
5920
5920
5920
5888
5824
3872
3168
4288
4288
3616
3456
3487
3743
3936
3680
3264
3903
5664
6047
5984
5984
6016
5951
5920
5920
5951
5920
5855
5824
5920
5920
5984
5984
5984
5984
5984
5984
6047
6144
4319
3616
4063
4159
3807
3424
3647
3487
1984
3295
2496
2879
3424
3231
2527
4831
5824
5920
5920
5855
5855
5855
5855
5824
5824
5824
5824
5888
5888
5951
5951
5920
6080
6144
6367
3456
4096
4448
2975
2623
2879
2144
1632
2111
3711
2144
4255
3104
2656
2783
2752
3072
4096
5791
5920
5888
5759
5759
5855
5824
5759
5791
5728
5728
5728
5791
5759
5824
5664
5695
2975
4384
3807
3456
3936
3743
2144
1663
2080
1951
1632
2367
3872
3584
2816
1408
1408
2752
3231
5152
5855
5920
5951
5888
5888
5920
5695
5791
5728
5728
5791
5824
5824
5824
5824
2752
3936
3903
1759
1984
1536
1888
2304
2367
3135
2719
2719
2592
3776
3936
2656
1888
1343
2271
3199
3616
5535
5888
5920
5888
5824
5824
5632
5728
5695
5728
5759
5824
5855
5888
4608
3168
3520
2080
1888
3168
3968
4575
4608
4544
4640
4255
4223
3968
2944
2912
3231
3008
2175
1503
1792
4544
5247
5888
6016
5951
5951
5951
5695
5695
5695
5695
5824
5855
5920
6144
2463
3424
1855
1472
4096
5759
6016
6080
6271
6144
6080
5599
5152
4704
3903
3487
3487
2879
2080
2367
2015
2175
5152
5888
5855
5920
5984
5920
5664
5728
5695
5695
5759
5855
5920
4096
3008
2271
2048
4352
5664
6047
6496
6783
6752
6623
6528
6080
5791
5216
4671
3999
3104
3135
2240
2015
1759
1120
5087
6016
5920
6047
6016
6016
5791
5759
5791
5791
5855
5824
5888
2527
1951
2848
927
5056
5824
6176
6463
6783
6783
6815
6496
6336
5951
5504
5023
4704
3807
2656
2015
1503
1663
1087
2719
5504
5920
6080
6080
6047
5824
5791
5791
5824
5888
5791
5279
2336
1632
2623
1120
5087
5855
6271
6367
6592
6656
6656
6528
6271
5888
5472
4992
4800
4032
2848
1439
1503
1536
800
3840
5984
5951
6016
6016
6016
5791
5728
5759
5824
5855
5888
3424
1728
3104
2719
2111
5535
6080
6400
6559
6688
6752
6623
6463
6207
5920
5568
5279
4831
4159
2975
2048
927
1439
639
4511
6144
6111
6207
6176
6111
5855
5759
5791
5791
5920
5120
3135
1663
3391
2912
2432
5664
6080
6559
6623
6623
6688
6623
6623
6367
5920
5824
5695
5247
4223
3039
2400
1120
991
1280
4415
5951
5728
6207
6111
5984
5888
5824
5920
5888
5087
4671
2912
2048
3264
2944
2944
6016
6207
5120
3424
4319
6271
6303
6047
5376
3199
2879
4575
5343
4415
2879
2367
991
1056
1536
4063
5439
5791
6111
6111
5984
5695
5728
5824
5695
4352
3264
3039
2527
3039
3168
3039
3647
2207
1759
1280
3360
5535
6336
5279
3360
2623
3360
1312
2111
2560
3072
2623
1247
575
2527
4032
5056
5312
5759
6016
5984
5664
5728
5888
5568
4735
4128
2816
2271
2367
3487
3391
6047
5472
5408
5087
5695
5728
6752
4735
3840
5568
4831
4288
4096
4735
4800
2912
1120
1024
3743
4671
4319
5599
5247
6016
6047
5504
5759
5855
4544
4480
4096
3168
2400
1824
3328
3039
6111
6303
6303
6303
6111
5984
6432
4352
4704
5759
5888
5888
5824
5279
4288
2783
415
4159
3743
3456
3680
5504
5984
5759
5824
5599
5759
5888
4384
5120
4288
3360
2080
1663
2975
3391
6047
6656
6528
6463
6336
6080
6207
4544
5216
5759
6111
6176
5568
4896
3743
2400
1312
3360
1599
3647
4063
5247
6080
5984
6080
5855
5920
5951
4192
4767
4255
4192
1280
1343
2111
2816
5791
6336
6080
5216
6111
6367
6528
5152
4288
5023
5824
5920
5568
4767
3328
1759
2144
3360
1759
3584
4128
5472
5695
6111
6016
5855
6111
5920
4640
5535
4544
2656
1663
1247
1151
2560
4352
5183
3968
6047
5568
4128
4960
2656
3039
3903
5279
5279
5183
4352
2687
1216
1792
1472
1824
3520
2816
5023
5759
5824
6016
5984
5984
5920
4032
5312
3520
1632
1056
1280
1632
2367
3424
3807
5984
5951
6271
6367
5984
5791
5087
5120
4896
5535
4864
3840
2719
352
2175
1759
2527
2592
2719
5664
5632
5888
5920
6016
6016
6176
4767
5023
2848
1472
960
1439
1343
2048
3840
5535
6176
4384
6688
4096
3807
3328
3840
3711
3135
5439
5984
3616
2496
192
1472
1984
2336
2207
4511
5855
5855
5920
6080
5824
5984
5888
5216
5120
2144
1343
960
1568
1824
1920
575
4640
6240
5824
4735
5216
7104
6592
4415
3328
4640
5056
4767
3231
735
384
896
2367
2719
2304
4511
6047
6367
6240
6080
5920
5984
6047
6080
4896
2240
1056
2080
1888
1984
1888
608
1824
5728
6271
5472
4223
4608
4159
3487
4384
5087
4704
3551
2111
192
352
608
3743
2623
3520
4288
6016
6400
6047
6303
5984
5984
5951
5951
4992
4608
1151
2687
1824
1920
2496
831
448
3872
5920
6303
6144
5984
5920
5728
5472
5120
3456
2336
1792
159
352
1439
3295
4319
3391
4480
5439
6047
6111
6176
5951
6016
5951
6080
5855
5664
1824
1151
2048
1663
1984
1728
575
1472
4192
6271
6336
6400
6176
5664
5056
3776
2527
2271
1568
319
96
1408
2656
4223
4608
3840
4704
5920
5728
5791
6080
6047
5984
5791
5728
5247
4128
1247
1984
1568
2432
2592
1759
1247
3999
4544
4767
5023
4992
4063
3072
2623
2560
2463
2015
1120
800
1728
2048
3360
4415
4864
3647
4575
5888
6336
5759
5855
5855
6016
5504
4992
4319
1951
1855
1855
1728
2175
2271
1216
3168
4831
4992
4255
3872
3487
3264
3295
3104
2975
2719
1951
1312
1599
2719
2463
3231
3520
2367
3807
4704
4927
4608
3936
2912
2432
2271
2432
2912
3264
3231
2656
1920
2207
1439
2111
2463
4704
5408
5247
5023
4831
4544
4128
3711
3743
3456
2975
2496
2048
2015
2304
2175
2240
1951
2111
2367
4128
3039
2111
1855
1728
2527
3039
2879
2240
2111
2080
1408
2463
1920
2175
1888
4288
5504
5728
5632
5535
5247
4671
4319
4255
4192
4192
3680
2400
1984
2207
1951
1695
2432
3487
2848
4992
2527
2240
2527
2719
2400
2592
2687
2207
1792
831
1376
927
1663
1536
1728
3872
5439
5920
5920
5920
5504
5056
4735
4800
4927
4608
3328
3456
3264
2463
2432
2367
3039
4575
4992
5535
2240
3584
2175
2912
3072
3360
2367
1888
1216
1728
1695
1536
1920
2048
2432
3807
5312
6111
6047
5984
5664
5152
4384
4128
4319
3776
3647
3520
3584
3231
2623
3264
4063
5120
5664
5824
 1 #compression_enabled
 3 #kernel_size 
 16 #num input channels 
 16 #num_input_column 
 16 #num_input_rows 
 16 #num_output_channels 
 0 #pooling_enabled 
 0 #relu_enabled 
 0 #padding 
#KERNELS#
-8
0
-2
-6
-2
0
-11
-4
-1
-13
7
30
-12
8
29
-8
14
34
1
-1
-9
-1
-3
-7
-7
-2
-6
1
-1
-3
0
0
-3
-3
-4
-6
2
-1
-6
0
-2
-6
-2
-3
-7
-39
-23
-29
-40
-20
-27
-48
-28
-28
11
2
-11
5
2
-4
3
8
5
0
1
0
1
1
0
0
0
0
-7
-1
-2
-7
-2
1
-10
-6
0
29
1
-29
28
0
-30
32
1
-32
-1
0
0
0
0
0
0
0
0
1
-1
-3
-1
-4
-6
-5
-1
0
0
1
7
-2
1
7
-1
5
8
24
26
28
24
27
29
28
25
28
4
3
1
0
0
-1
2
1
2
9
-1
-14
1
-1
-8
-4
0
-1
2
11
0
5
6
3
6
3
2
42
39
43
40
47
45
40
42
41
-19
-7
-3
-15
-27
-20
-16
-29
-9
6
-7
-33
0
-4
-8
-2
-16
-19
-7
-8
-14
2
-9
-17
-2
-21
-18
8
30
23
16
35
41
33
34
15
-23
7
4
9
8
-1
8
-24
-10
0
-1
0
-1
-2
0
-1
0
-1
14
54
20
19
85
19
31
67
13
-1
0
-13
3
0
-13
-10
-9
-10
0
0
0
0
0
0
0
1
0
-31
-5
15
-2
9
3
11
-6
-4
2
41
51
34
69
41
40
43
27
9
14
3
34
29
2
12
14
11
-7
-3
0
-5
-2
3
-1
3
6
-27
-2
-1
-3
-9
-9
4
-22
-16
4
2
1
4
3
-1
5
12
1
20
16
10
22
11
2
18
7
4
13
0
-10
18
3
-3
13
9
11
13
15
2
20
14
5
20
8
0
8
-2
-15
12
0
-4
9
1
7
15
22
24
29
43
14
42
45
23
20
10
-15
25
7
0
23
15
14
4
5
1
3
4
2
6
4
1
24
67
34
36
63
24
38
46
25
-20
-23
-31
-17
-13
-4
-23
-7
-4
0
0
-1
0
0
0
1
0
0
26
29
8
33
25
2
28
18
16
28
57
30
37
47
24
28
25
31
22
34
16
13
16
21
0
5
8
15
18
17
20
20
20
9
7
6
13
9
-12
20
14
-6
22
20
13
-9
-22
-10
-8
-16
-9
-16
-14
-10
-12
-14
-19
-6
-11
-19
-5
-15
-23
6
19
5
30
4
-14
-22
-23
-20
2
-4
-11
3
0
1
6
0
-11
19
15
0
18
7
-17
-6
-15
-17
-5
-30
8
-11
2
23
-23
3
-8
22
42
16
72
43
14
-6
-12
-6
-1
1
0
2
1
-1
2
0
0
-12
28
0
8
42
-4
18
3
-5
29
16
0
6
-12
-16
-18
-19
-14
0
0
0
0
0
0
0
0
0
-17
18
15
54
47
0
17
10
-10
11
47
17
72
72
-7
61
10
-8
13
23
-17
20
-4
-11
17
-12
9
0
3
4
1
3
1
19
17
12
6
25
13
49
33
11
-20
-14
-9
6
-1
4
2
-4
1
-1
-10
-3
-8
-8
-2
-13
-8
-9
-13
-6
-16
-12
-1
12
-19
-26
-23
-4
-3
0
12
8
8
-1
-8
13
-15
-12
-14
9
6
17
-5
-9
-8
-2
-1
-3
65
-4
-2
47
-24
13
10
-28
15
-17
-1
3
-32
-20
-26
-4
-2
-27
-5
-8
-5
-2
-4
-2
0
-2
-2
39
0
49
20
34
49
0
47
28
-6
24
0
8
18
-13
9
7
-3
0
1
0
0
0
0
0
0
-1
-12
-11
19
-13
-6
2
-26
-1
-20
-1
0
42
-12
50
49
-23
28
-14
-40
54
28
-7
66
0
16
47
-18
-11
-12
-14
-5
-13
-20
-7
-9
-7
-14
-10
9
-30
-33
-29
-1
2
-5
0
0
0
0
1
0
1
0
0
1
0
0
0
0
-1
-1
0
0
0
0
1
0
0
0
0
0
0
0
0
0
0
0
0
1
-1
-1
0
0
1
0
0
1
0
0
0
-1
0
0
-1
0
0
0
0
0
0
1
0
-1
1
0
0
0
0
-1
0
0
0
0
0
0
0
0
0
0
-1
0
0
0
0
0
0
0
0
0
0
-1
0
0
0
0
0
0
0
0
0
1
1
0
0
0
0
0
0
-1
0
0
0
0
0
0
0
0
0
0
0
-1
1
0
0
0
-1
-1
1
-1
0
0
0
0
0
0
0
0
0
-1
0
0
0
0
0
0
0
0
0
0
22
45
0
11
48
9
0
23
17
-8
-9
4
4
-6
2
0
-6
-2
34
42
10
13
56
17
-23
0
1
13
22
32
13
42
11
6
45
16
1
51
26
-11
41
30
-16
12
13
45
114
-32
-5
110
12
-23
51
52
16
18
-14
-10
27
14
-31
-7
-5
0
0
2
-2
-2
0
1
3
2
29
-36
33
56
4
12
22
46
-17
-10
2
4
-17
-11
1
2
-10
-2
1
0
1
0
0
1
0
0
0
20
15
-10
-2
19
6
-21
1
3
-16
-31
-5
-18
-35
0
-1
-17
-14
-23
-17
51
38
-33
39
68
-15
10
-6
-10
-19
-1
-4
-4
5
0
0
35
29
-18
10
45
10
-27
-1
-7
8
10
0
4
3
-1
0
-11
-13
9
13
1
17
19
4
3
11
0
68
90
39
27
48
32
24
17
-10
17
36
36
11
65
51
5
30
31
31
68
47
10
44
42
12
18
2
-46
-9
-12
-41
-15
-5
-22
-33
-15
34
44
38
-1
25
34
-1
-2
-9
-4
-4
-3
-7
-5
-5
-1
-3
-3
-25
-59
-44
-28
-61
-34
-36
-51
-22
2
4
5
-4
-6
-9
0
-4
-8
0
0
1
1
0
0
0
0
0
55
53
21
14
39
55
-2
6
-7
50
0
-31
23
24
22
-3
-4
-21
-17
-18
-2
-4
-6
-30
5
14
-10
-7
-3
-4
-14
-14
-13
-10
-12
-16
35
58
46
-3
4
23
7
-6
-9
1
1
0
0
0
0
2
2
1
12
13
12
12
12
13
14
13
13
-2
-2
-1
-1
-1
-2
0
0
-1
-1
-1
0
0
-1
-1
0
0
-2
-1
-2
-2
0
-2
-1
-1
0
-2
0
0
-2
1
-1
-1
2
-1
-1
-4
-3
-4
-2
-1
-1
-2
-2
-4
0
-1
-1
-1
0
0
0
0
0
-2
-1
-1
-2
0
0
-2
-2
-1
-4
-4
-5
-4
-3
-5
-6
-4
-4
-1
-1
0
0
1
0
1
0
-1
-3
-2
-1
-1
-1
-1
0
1
0
-2
0
-1
0
-1
1
-1
0
2
-5
-3
-3
-5
-2
-2
-7
-4
-4
-1
-1
-1
0
-2
-2
0
0
-2
-2
-3
-2
-2
-1
-2
-2
-2
-3
10
4
-8
-1
-14
-10
-21
-27
-14
36
35
35
10
7
11
-7
-4
0
101
62
-8
-25
-35
-59
-31
-38
-32
25
46
19
63
83
20
-23
-26
-39
47
77
12
15
23
-7
-14
-21
-21
18
40
0
-11
6
1
-34
-38
-4
18
12
-6
-44
-25
-41
16
12
10
-1
0
-1
2
0
-3
-1
0
-1
-13
1
-23
7
6
10
-2
-14
8
-48
-21
-19
-3
15
18
46
43
34
1
1
0
1
0
0
0
1
0
67
62
-2
-12
-10
-35
-34
-32
-34
56
48
-22
32
9
-12
-31
-30
-31
-21
-13
4
7
8
28
8
7
5
13
17
12
16
8
4
3
-1
-6
22
10
-21
-54
-44
-44
-2
-6
14
-16
-12
-3
-6
-16
-8
0
-5
-2
29
38
40
13
27
36
-2
6
18
-39
-36
-22
-17
-26
-28
-13
-14
-1
-34
-33
-17
-21
-14
-12
-14
-13
-12
-34
-39
-29
-12
-21
-26
-13
-9
-8
-42
-41
-12
-3
-34
-24
32
-15
-25
-36
-39
-22
-19
-42
-44
-14
-9
5
2
2
0
0
1
0
0
0
-1
-46
-49
-36
-43
-31
-28
-36
-28
-22
-1
-19
-27
21
14
6
42
44
33
0
0
0
0
0
0
0
0
0
-32
-34
-15
-24
-33
-28
-20
-29
-14
-28
-33
-28
-28
-20
-25
-33
-23
-13
15
4
-16
10
19
16
-5
26
29
14
9
6
8
14
14
4
3
3
-30
-39
-19
-9
-38
-36
-7
-7
3
3
3
6
2
2
3
5
6
5
36
41
35
43
44
42
57
55
53
6
4
8
-2
-1
2
-2
-2
2
0
1
5
-2
-2
2
-7
-6
-3
0
0
4
0
-1
3
0
0
1
-3
0
15
0
0
10
8
12
19
11
2
6
7
4
10
17
17
15
1
0
0
-1
0
0
-2
0
0
-12
-6
1
-16
-15
-1
-17
-17
-1
-10
-9
-2
-23
-17
-14
-43
-36
-28
0
0
0
0
0
-1
0
-1
0
7
4
7
5
3
6
3
5
8
9
4
2
0
0
1
-5
-2
5
-13
-6
-11
-21
-13
-12
-34
-25
-19
-2
0
-3
-5
-3
-4
-10
-8
-5
10
5
10
8
5
14
19
17
15
5
7
7
-4
1
7
-1
0
-1
-3
-5
-6
-9
-11
-10
-23
-23
-20
32
38
34
16
16
30
9
10
19
28
19
18
17
23
26
10
7
14
9
12
18
6
4
9
3
1
5
-22
-17
-12
-32
-26
-19
-35
-38
-34
32
45
40
31
29
34
28
22
21
7
6
7
7
8
10
2
2
2
6
5
-1
13
0
0
7
-10
-2
3
-4
-1
0
-10
-12
-18
-21
-20
0
-1
0
0
0
0
0
1
0
39
54
51
29
32
37
23
12
15
9
14
21
17
3
1
-3
-19
-16
2
-9
-14
0
-14
-18
-23
-24
-21
18
16
16
24
27
23
11
16
15
30
43
41
21
21
33
21
18
18
23
19
6
26
11
-7
21
10
-5
7
7
-2
2
8
-12
-9
-10
-28
23
110
73
6
15
7
33
40
8
3
35
40
-16
57
80
7
20
27
-14
48
75
4
34
37
6
27
25
-22
-19
0
-3
-19
-18
10
-1
-19
-5
15
0
-25
-43
-37
2
13
16
-9
-5
-6
-5
-4
-5
-1
0
0
24
-18
8
13
-1
-22
12
-17
-28
14
0
-21
5
2
6
0
16
14
0
1
0
0
0
0
0
1
-1
0
84
93
-4
-4
-21
19
20
34
38
94
84
38
39
-8
0
20
44
19
17
-15
18
2
-2
-1
-4
-1
-14
-15
-14
-28
-31
-31
-18
-17
-20
-24
-1
-6
-11
-30
-32
13
8
-2
-17
-12
-8
-16
-20
-15
-20
-21
-13
1
-3
-12
-12
-9
-15
-11
-11
-18
-18
-7
2
-14
-9
-10
-14
-21
-15
-9
11
18
-21
-16
-10
-10
-11
-13
-19
-7
5
-13
-10
-7
-5
-4
-10
-31
-23
-15
-30
-34
-18
-35
-25
-12
-6
8
30
-1
19
26
12
16
22
1
3
3
-1
-1
-2
0
-1
-1
-38
-46
-28
-53
-48
-34
-42
-41
-25
9
22
43
21
30
36
27
25
22
1
0
0
0
0
0
-1
0
0
-12
-6
13
-17
-12
-8
-10
-6
0
-12
-15
-15
-23
-26
-23
-17
-16
-18
-32
-15
0
-31
-8
5
-8
-3
4
22
24
22
10
9
9
11
10
5
-13
0
21
-10
6
15
-4
0
8
1
1
0
0
0
0
0
0
-1
-1
0
0
0
0
0
0
0
0
0
0
0
0
0
0
0
-1
0
1
0
1
0
0
0
0
0
1
0
0
0
0
0
0
0
0
0
0
0
0
-1
0
0
0
0
-1
1
0
1
-1
0
-1
-1
0
0
0
0
0
0
0
0
0
0
0
-1
0
0
0
0
-1
0
0
0
0
0
0
1
0
0
0
-1
-1
0
0
0
0
0
0
0
0
0
0
0
0
0
0
0
-1
-1
0
0
0
0
0
-1
0
0
0
-1
0
0
0
0
1
0
0
0
0
0
0
0
0
0
0
1
-1
1
1
0
0
-1
0
0
1
0
0
#BIASES#
-630
699
-1345
-1352
1209
0
-1581
466
487
-2649
1874
1389
-1271
1902
-739
2
